198,4
198,3
198,2
198,1
198,0
197,3
197,2
197,1
197,0
196,3
196,2
196,1
196,0
195,6
195,5
195,4
195,3
195,2
195,1
195,0
194,4
194,3
194,2
194,1
194,0
193,3
193,2
193,1
193,0
192,3
192,2
192,1
192,0
191,6
191,5
191,4
191,3
191,2
191,1
191,0
0,572
190,6
190,5
190,4
190,3
190,2
190,1
190,0
189,6
189,5
189,4
189,3
189,2
189,1
189,0
188,4
188,3
188,2
188,1
188,0
187,4
187,3
187,2
187,1
187,0
186,4
186,3
186,2
186,1
186,0
185,3
185,2
185,1
185,0
184,3
184,2
184,1
184,0
183,4
183,3
183,2
183,1
183,0
182,4
182,3
182,2
182,1
182,0
181,4
181,3
181,2
181,1
181,0
180,4
180,3
180,2
180,1
180,0
179,4
179,3
179,2
179,1
179,0
178,4
178,3
178,2
178,1
178,0
177,4
177,3
177,2
177,1
177,0
176,3
176,2
176,1
176,0
175,4
175,3
175,2
175,1
175,0
174,3
174,2
174,1
174,0
173,3
173,2
173,1
173,0
172,5
172,4
172,3
172,2
172,1
172,0
171,3
171,2
171,1
171,0
170,4
170,3
170,2
170,1
170,0
169,3
169,2
169,1
169,0
0,571
0,570
168,4
168,3
168,2
168,1
168,0
167,3
167,2
167,1
167,0
0,569
166,3
166,2
166,1
166,0
165,6
165,5
165,4
165,3
165,2
165,1
165,0
164,6
164,5
164,4
164,3
164,2
164,1
164,0
163,6
163,5
163,4
163,3
163,2
163,1
163,0
162,4
162,3
162,2
162,1
162,0
161,4
161,3
161,2
161,1
161,0
160,4
160,3
160,2
160,1
160,0
159,3
159,2
159,1
159,0
158,3
158,2
158,1
158,0
157,4
157,3
157,2
157,1
157,0
156,4
156,3
156,2
156,1
156,0
155,4
155,3
155,2
155,1
155,0
154,4
154,3
154,2
154,1
154,0
153,4
153,3
153,2
153,1
153,0
152,4
152,3
152,2
152,1
152,0
151,4
151,3
151,2
151,1
151,0
150,3
150,2
150,1
150,0
149,4
149,3
149,2
149,1
149,0
148,3
148,2
148,1
148,0
147,3
147,2
147,1
147,0
146,5
146,4
146,3
146,2
146,1
146,0
145,3
145,2
145,1
145,0
144,4
144,3
144,2
144,1
144,0
143,3
143,2
143,1
143,0
142,3
142,2
142,1
142,0
141,6
141,5
141,4
141,3
141,2
141,1
141,0
140,6
140,5
140,4
140,3
140,2
140,1
140,0
139,6
139,5
139,4
139,3
139,2
139,1
139,0
138,4
138,3
138,2
138,1
138,0
137,4
137,3
137,2
137,1
137,0
136,4
136,3
136,2
136,1
136,0
135,3
135,2
135,1
135,0
134,3
134,2
134,1
134,0
133,4
133,3
133,2
133,1
133,0
132,4
132,3
132,2
132,1
132,0
0,568
131,4
131,3
131,2
131,1
131,0
130,4
130,3
130,2
130,1
130,0
0,567
129,4
129,3
129,2
129,1
129,0
128,4
128,3
128,2
128,1
128,0
127,4
127,3
127,2
127,1
127,0
126,3
126,2
126,1
126,0
125,4
125,3
125,2
125,1
125,0
124,3
124,2
124,1
124,0
123,3
123,2
123,1
123,0
122,5
122,4
122,3
122,2
122,1
122,0
121,3
121,2
121,1
121,0
120,4
120,3
120,2
0,566
120,1
120,0
119,3
119,2
119,1
119,0
118,3
118,2
118,1
118,0
0,310
0,305
0,308
0,307
0,302
0,304
0,303
0,12
0,10
0,8
0,0
0,417
0,416
0,300
0,415
0,414
0,299
0,554
0,499
0,298
0,553
0,413
0,297
0,565
0,412
0,296
0,533
0,411
0,295
0,532
0,498
0,294
0,534
0,410
0,293
0,531
0,409
0,292
0,497
0,407
0,291
0,496
0,406
0,290
0,530
0,495
0,289
0,529
0,493
0,288
0,528
0,405
0,287
0,562
0,404
0,286
0,552
0,403
0,285
0,527
0,401
0,284
0,526
0,400
0,283
0,492
0,402
0,282
0,399
0,398
0,281
0,397
0,396
0,280
0,395
0,394
0,279
0,393
0,392
0,278
0,391
0,390
0,277
0,389
0,388
0,276
0,525
0,491
0,275
0,524
0,387
0,274
0,523
0,386
0,273
0,564
0,385
0,272
0,522
0,490
0,271
0,489
0,384
0,270
0,488
0,383
0,269
0,542
0,382
0,268
0,561
0,381
0,267
0,560
0,487
0,266
0,551
0,486
0,265
0,520
0,380
0,264
0,519
0,379
0,263
0,521
0,378
0,262
0,518
0,485
0,261
0,517
0,377
0,260
0,516
0,376
0,259
0,515
0,375
0,258
0,484
0,374
0,257
0,514
0,482
0,256
0,481
0,255
0,483
0,373
0,254
0,479
0,372
0,253
0,478
0,371
0,252
0,550
0,480
0,251
0,477
0,370
0,250
0,541
0,369
0,249
0,559
0,368
0,248
0,475
0,367
0,247
0,558
0,474
0,246
0,540
0,476
0,245
0,472
0,366
0,244
0,471
0,365
0,242
0,473
0,364
0,241
0,469
0,363
0,240
0,549
0,468
0,239
0,243
0,408
0,494
3,1
115,0
115,3
116,0
116,3
97,0
97,3
98,0
98,1
117,0
117,1
101,0
101,1
99,3
99,1
100,3
100,1
93,3
93,1
105,3
107,0
107,3
95,0
95,3
102,0
102,1
110,0
110,1
103,0
103,1
112,3
112,1
112,0
103,3
110,3
102,3
95,1
107,1
105,1
105,0
93,0
100,0
99,0
101,3
117,3
98,3
97,1
116,1
115,1
3,3
3,0
0,322
1,1
1,3
1,0
2,1
2,3
96,5
2,0
96,1
96,3
96,0
0,9
0,470
0,362
0,238
0,513
0,361
0,237
0,512
0,360
0,236
0,467
0,359
0,235
0,511
0,465
0,234
0,510
0,464
0,233
0,466
0,358
0,232
0,462
0,357
0,231
0,461
0,356
0,230
0,463
0,355
0,229
0,459
0,354
0,228
0,458
0,353
0,227
0,509
0,460
0,226
0,457
0,352
0,225
0,539
0,351
0,224
0,508
0,350
0,223
0,455
0,349
0,222
0,557
0,454
0,221
0,507
0,456
0,220
0,452
0,348
0,219
0,451
0,347
0,218
0,453
0,346
0,217
0,506
0,345
0,216
0,538
0,344
0,215
0,505
0,343
0,214
0,548
0,342
0,213
0,547
0,341
0,212
0,546
0,340
0,211
0,537
0,339
0,210
0,449
0,338
0,209
0,448
0,337
0,208
0,450
0,336
0,207
0,447
0,446
0,206
0,445
0,335
0,205
0,444
0,334
0,204
0,443
0,333
0,203
0,442
0,332
0,202
0,441
0,440
0,201
0,545
0,504
0,200
0,544
0,331
0,199
0,439
0,330
0,198
0,438
0,329
0,197
0,543
0,328
0,196
0,503
0,436
0,195
0,556
0,435
0,194
0,437
0,327
0,193
0,434
0,326
0,192
0,433
0,325
0,63
0,432
0,324
0,62
0,431
0,323
0,61
0,430
0,321
0,60
0,429
0,428
0,59
0,563
0,320
0,58
0,427
0,319
0,57
0,426
0,318
0,56
0,536
0,317
0,55
0,535
0,502
0,54
0,501
0,425
0,53
0,500
0,316
0,52
0,555
0,315
0,51
0,423
0,314
0,50
0,422
0,313
0,49
0,424
0,312
0,48
0,421
0,311
0,47
0,420
0,309
0,46
0,419
0,306
0,45
0,418
0,301
0,6
0,5
0,1
0,11
0,4
0,2
0,3
0,7
